1879        82.17729        51.34390       369.35970
SL01       -48.20694        -7.19083         0.00000
7403       -71.49295       -16.46572      2488.83915
1886        41.43147        43.64984      2077.28068
1890       102.23536        51.77003       803.30785
1887        63.34241        45.70497        98.07336
7249       115.89206        39.60693        81.76548
SL02       -74.08094         4.64007      2576.77822
7811        17.07459        52.27698       122.63272
7407       -47.87787       -15.94748      1106.04123
7237       125.44346        43.79051       274.21031
7359       127.37471        36.39904       115.07983
1824        30.49588        50.36313       211.77853
7845         6.92157        43.75463      1323.33902
7839        15.49336        47.06714       539.38875
7105       -76.82770        39.02061        19.18344
7119      -156.25692        20.70649      3056.26582
7501        27.68618       -25.88971      1406.78895
SL03       -82.37472        23.09639         0.00000
7840         0.33613        50.86738        75.40208
1891       104.31639        52.21914       505.61411
1893        33.97013        44.39317        68.15639
7308       139.48912        35.71008       122.43919
1868       136.74383        50.69461       269.52348
7820       102.79743        25.02997      1992.96959
SL04       -57.93230       -34.90675        29.86755
SL05        40.13000        -3.22361         0.00000
7941        16.70461        40.64867       536.98276
7080      -104.01520        30.68027      2004.29190
1874        37.22490        56.02774       228.31365
7806        24.39455        60.21715        74.08193
7110      -116.42267        32.89174      1839.03130
SL06        72.70000        24.60000         0.00000  
7825       149.00988       -35.31614       804.97646
SL07        11.86510        78.92958        78.98877
SL08        77.10000         8.75000         0.00000
7841        13.06143        52.38301       127.33139
1884        24.05908        56.94855        31.28276
7832        46.40037        24.91055       760.11895
7824        -6.20531        36.46526        97.91562
7406       -68.62316       -31.50863       727.26758
7821       121.18661        31.09609        99.95157
1873        33.99095        44.41319       364.31320
7838       135.93704        33.57769       101.61664
1888        29.78045        60.53315        69.06829
7124      -149.60621       -17.57680        94.38657
7358       131.01541        30.55651       141.37912
SL09        10.00000        10.50000         0.00000
7355        87.70539        43.81362       845.35569
8834        12.87801        49.14442       665.38337
7231       114.48967        30.51566        86.54765
7090       115.34675       -29.04649       241.33776
SL10        -3.08863        40.52490       972.82550
1889        41.56538        43.78867      1155.39519
7810         7.46522        46.87723       951.08388
