7369       140.26667        36.18333         4.00000
7108       -76.82654        39.02193        13.70952
7298      -159.66510        22.12664      1176.59448
7547        14.98905        36.87605       143.22492
7209       -71.49380        42.61295        86.76275
7224        12.87745        49.14501       669.12542
7333        -3.08941        40.52416       979.86228
VL06       121.20044        31.09964        22.04555
VL04       -25.13000        36.99000       196.00000
VL05       -16.31667        28.51667       610.00000
VL03       328.87361        39.45383        79.86366
7213        11.92636        57.39584        59.29374
7232        27.68539       -25.88975      1415.70441
7385        24.39311        60.21781        79.96089
VL01       125.44420        43.79069       273.26104
7367       102.79594        25.02733      1974.27594 
7331        11.86970        78.92911        87.34012
7382       102.23392        51.77026       821.61315
7381        41.56516        43.78781      1175.04562
7242       147.44052       -42.80358        65.09301
7375       132.15237       -14.37547       189.29328
7376       115.34562       -29.04715       248.24739
7377       174.66325       -36.43481       127.94975
7247       131.75727        44.01610       155.03241
VL02        20.51095        54.70649         2.00000
7332        33.97957        44.39755        50.20327
7203         6.88361        50.52483       416.71098
7297       -38.42586        -3.87786        23.08108
1857       140.66009        35.95591        78.42562
7327       139.48808        35.71056       125.39011
7243        16.70402        40.64953       543.37116
7230        11.64694        44.52049        67.17093
7324       141.13235        39.13337       111.43852
7245       -57.90082       -63.32113        39.97202
7202       148.26352       -32.99840       414.74291
7227       121.19966        31.09916        29.42653
7380        29.78194        60.53235        86.03348
7342        39.58629       -69.00632        51.02041
7640       -73.02518       -36.84272       170.97669
7345       140.08874        36.10315        84.75244
7330        87.17814        43.47151      2033.20744
VL07      -149.60621       -17.57680        94.38657
