NE01      -147.49924        64.97800       319.17708
NE02       -75.46639        37.94000         0.00000
NE03        15.40779        78.22977         0.00000
NE04      -155.60000        19.00000       367.00000
NE05      -106.60860        32.50070         0.00000
NE06       -70.66855       -33.15029       723.07455
NE07         2.00000       -72.00000         0.00000
NE08        27.68698       -25.89010      1414.33341
NE09       166.66933       -77.83835        98.02219
NE10       115.34697       -29.04659       241.38189
NE11       103.00000         1.00000         0.00000
NE12         9.15000        47.83333         0.00000
NE13        20.96844        67.85735       390.89982
