AMVB        77.57135       -37.79860        58.81331
ARFB       -71.49300       -16.46577      2491.01456
ASEB       -14.33264        -7.91620        38.56964
BADB       102.23493        51.76972       812.51575
BEMB       -34.62556       -77.87448       240.79170
BETB       172.92294         1.35474        36.75642
CADB       -45.00244       -22.68230       567.09537
CHAB      -176.56640       -43.95617        60.48561
CIDB       106.84884        -6.49068       161.61522
COBB      -162.70696        55.19022        50.39003
CRQB        51.85558       -46.43183       203.55421
DIOB        23.93288        38.07845       512.78663
DJIB        42.84651        11.52615       716.57962
EASB      -109.38354       -27.14792       118.29475
EVEB        86.81316        27.95816      4961.95952
FUUB      -178.12099       -14.30779        85.74443
GAVB        24.10872        34.83859       124.33808
GR4B         6.92122        43.75483      1323.68280
GRFB       -76.82790        39.02007        20.73490
HBMB        27.70746       -25.88685      1559.60359
JIVB       114.49114        30.51555        70.87770
KOLB      -159.66543        22.12306      1166.97013
KETB        70.25547       -49.35170        74.64634
KIUB        66.88539        39.13473       623.36892
KRWB       -52.63979         5.09861       109.73315
KRBB        92.79351        55.99323       216.84857
REUB        55.57177       -21.20836      1561.08859
LAOB       -60.99607        14.59501       -29.45427
LICB         9.67214         0.35400        33.77661
MAIB        55.53050        -4.67882       -36.43181
MALB        73.52784         4.19270       -92.47007
MANB       121.04116        14.53546        87.29638
MATB        37.85700       -46.87891        92.20985
MEUB        24.38450        60.24199        62.23590
MIAB       -80.16311        25.73278       -12.10234
MSPB       149.00998       -35.31611       804.92217
NOXB       166.48489       -22.22844       160.13253
SPJB        11.93168        78.92340        52.57254
PAUB      -149.60639       -17.57704        99.47059
PDMB       -25.66283        37.74774       110.14823
MOSB       147.18657        -9.43402       118.67074
REZB       -21.90946        64.14600        83.24917
RIMB      -134.96491       -23.13026        82.22269
RIRB       -67.75106       -53.78584        33.49603
ROVB       -68.12736       -67.57139        35.48840
SALB       -22.93499        16.73213        91.89877
SCRB       -90.30438        -0.74238         6.73303
SANB       -70.66863       -33.14964       724.61001
SODB      -110.95197        18.72774        16.92515
STKB       -52.67807        47.59532       153.30839
HEMB        -5.66737       -15.94236       453.96562
SYPB        39.57855       -69.00487        42.93845
ADGB       140.00203       -66.66519        -0.63738
THUB       -68.82364        76.53749        40.01621
TLSB         1.48489        43.54962       211.08276
TRJB       -12.31240       -37.06512        46.94356
YASB       115.34676       -29.04617       243.05246
YEMB      -114.47986        62.48110       182.12280
SAKB       142.71679        47.02970        90.94078
