23499.000000
23499.000347
23499.000694
23499.001042
23499.001389
23499.001736
23499.002083
23499.002431
23499.002778
23499.003125
23499.003472
23499.003819
23499.004167
23499.004514
23499.004861
23499.005208
23499.005556
23499.005903
23499.006250
23499.006597
23499.006944
23499.007292
23499.007639
23499.007986
23499.008333
23499.008681
23499.009028
23499.009375
23499.009722
23499.010069
23499.010417
23499.010764
23499.011111
23499.011458
23499.011806
23499.012153
23499.012500
23499.012847
23499.013194
23499.013542
23499.013889
23499.014236
23499.014583
23499.014931
23499.015278
23499.015625
23499.015972
23499.016319
23499.016667
23499.017014
23499.017361
23499.017708
23499.018056
23499.018403
23499.018750
23499.019097
23499.019444
23499.019792
23499.020139
23499.020486
23499.020833
23499.021181
23499.021528
23499.021875
23499.022222
23499.022569
23499.022917
23499.023264
23499.023611
23499.023958
23499.024306
23499.024653
23499.025000
23499.025347
23499.025694
23499.026042
23499.026389
23499.026736
23499.027083
23499.027431
23499.027778
23499.028125
23499.028472
23499.028819
23499.029167
23499.029514
23499.029861
23499.030208
23499.030556
23499.030903
23499.031250
23499.031597
23499.031944
23499.032292
23499.032639
23499.032986
23499.033333
23499.033681
23499.034028
23499.034375
23499.034722
23499.035069
23499.035417
23499.035764
23499.036111
23499.036458
23499.036806
23499.037153
23499.037500
23499.037847
23499.038194
23499.038542
23499.038889
23499.039236
23499.039583
23499.039931
23499.040278
23499.040625
23499.040972
23499.041319
23499.041667
23499.042014
23499.042361
23499.042708
23499.043056
23499.043403
23499.043750
23499.044097
23499.044444
23499.044792
23499.045139
23499.045486
23499.045833
23499.046181
23499.046528
23499.046875
23499.047222
23499.047569
23499.047917
23499.048264
23499.048611
23499.048958
23499.049306
23499.049653
23499.050000
23499.050347
23499.050694
23499.051042
23499.051389
23499.051736
23499.052083
23499.052431
23499.052778
23499.053125
23499.053472
23499.053819
23499.054167
23499.054514
23499.054861
23499.055208
23499.055556
23499.055903
23499.056250
23499.056597
23499.056944
23499.057292
23499.057639
23499.057986
23499.058333
23499.058681
23499.059028
23499.059375
23499.059722
23499.060069
23499.060417
23499.060764
23499.061111
23499.061458
23499.061806
23499.062153
23499.062500
23499.062847
23499.063194
23499.063542
23499.063889
23499.064236
23499.064583
23499.064931
23499.065278
23499.065625
23499.065972
23499.066319
23499.066667
23499.067014
23499.067361
23499.067708
23499.068056
23499.068403
23499.068750
23499.069097
23499.069444
23499.069792
23499.070139
23499.070486
23499.070833
23499.071181
23499.071528
23499.071875
23499.072222
23499.072569
23499.072917
23499.073264
23499.073611
23499.073958
23499.074306
23499.074653
23499.075000
23499.075347
23499.075694
23499.076042
23499.076389
23499.076736
23499.077083
23499.077431
23499.077778
23499.078125
23499.078472
23499.078819
23499.079167
23499.079514
23499.079861
23499.080208
23499.080556
23499.080903
23499.081250
23499.081597
23499.081944
23499.082292
23499.082639
23499.082986
23499.083333
23499.083681
23499.084028
23499.084375
23499.084722
23499.085069
23499.085417
23499.085764
23499.086111
23499.086458
23499.086806
23499.087153
23499.087500
23499.087847
23499.088194
23499.088542
23499.088889
23499.089236
23499.089583
23499.089931
23499.090278
23499.090625
23499.090972
23499.091319
23499.091667
23499.092014
23499.092361
23499.092708
23499.093056
23499.093403
23499.093750
23499.094097
23499.094444
23499.094792
23499.095139
23499.095486
23499.095833
23499.096181
23499.096528
23499.096875
23499.097222
23499.097569
23499.097917
23499.098264
23499.098611
23499.098958
23499.099306
23499.099653
23499.100000
23499.100347
23499.100694
23499.101042
23499.101389
23499.101736
23499.102083
23499.102431
23499.102778
23499.103125
23499.103472
23499.103819