23499.000000
23499.000347
23499.000694
23499.001042
23499.001389
23499.001736
23499.002083
23499.002431
23499.002778
23499.003125
23499.003472
23499.003819
23499.004167
23499.004514
23499.004861
23499.005208
23499.005556
23499.005903
23499.006250
23499.006597
23499.006944
23499.007292
23499.007639
23499.007986
23499.008333
23499.008681
23499.009028
23499.009375
23499.009722
23499.010069
23499.010417
23499.010764
23499.011111
23499.011458
23499.011806
23499.012153
23499.012500
23499.012847
23499.013194
23499.013542
23499.013889
23499.014236
23499.014583
23499.014931
23499.015278
23499.015625
23499.015972
23499.016319
23499.016667
23499.017014
23499.017361
23499.017708
23499.018056
23499.018403
23499.018750
23499.019097
23499.019444
23499.019792
23499.020139
23499.020486
23499.020833
23499.021181
23499.021528
23499.021875
23499.022222
23499.022569
23499.022917
23499.023264
23499.023611
23499.023958
23499.024306
23499.024653
23499.025000
23499.025347
23499.025694
23499.026042
23499.026389
23499.026736
23499.027083
23499.027431
23499.027778
23499.028125
23499.028472
23499.028819
23499.029167
23499.029514
23499.029861
23499.030208
23499.030556
23499.030903
23499.031250
23499.031597
23499.031944
23499.032292
23499.032639
23499.032986
23499.033333
23499.033681
23499.034028
23499.034375
